<?xml version="1.0"?>
<opencv_storage>
<calibration_time>"2022年11月16日 星期三 21时36分12秒"</calibration_time>
<nr_of_frames>1</nr_of_frames>
<image_width>1440</image_width>
<image_height>1080</image_height>
<board_width>11</board_width>
<board_height>8</board_height>
<square_size>20.</square_size>
<fix_aspect_ratio>1.</fix_aspect_ratio>
<!-- flags: +fix_aspectRatio +fix_principal_point +zero_tangent_dist +fix_k4 +fix_k5 -->
<flags>6158</flags>
<fisheye_model>0</fisheye_model>
<camera_matrix type_id="opencv-matrix">
  <rows>3</rows>
  <cols>3</cols>
  <dt>d</dt>
  <data>
    2.4086990620073329e+03 0. 7.1950000000000000e+02 0.
    2.4086990620073329e+03 5.3950000000000000e+02 0. 0. 1.</data></camera_matrix>
<distortion_coefficients type_id="opencv-matrix">
  <rows>5</rows>
  <cols>1</cols>
  <dt>d</dt>
  <data>
    -4.0827495894680786e-02 -3.4956162516531408e-01 0. 0.
    2.6567275074200518e+00</data></distortion_coefficients>
<avg_reprojection_error>1.1251360442535890e-01</avg_reprojection_error>
<per_view_reprojection_errors type_id="opencv-matrix">
  <rows>1</rows>
  <cols>1</cols>
  <dt>f</dt>
  <data>
    1.12513602e-01</data></per_view_reprojection_errors>
<!-- a set of 6-tuples (rotation vector + translation vector) for each view -->
<extrinsic_parameters type_id="opencv-matrix">
  <rows>1</rows>
  <cols>6</cols>
  <dt>d</dt>
  <data>
    4.7973483742298373e-01 -6.0164306737147061e-03
    3.1013663177718760e+00 8.5899344925905567e+01 4.4722762555690188e+01
    7.2107217316119534e+02</data></extrinsic_parameters>
<image_points type_id="opencv-matrix">
  <rows>1</rows>
  <cols>88</cols>
  <dt>"2f"</dt>
  <data>
    1.00619275e+03 6.88552429e+02 9.40807251e+02 6.87719971e+02
    8.76340637e+02 6.86675659e+02 8.13100342e+02 6.85664856e+02
    7.50619019e+02 6.84643677e+02 6.89461304e+02 6.83763977e+02
    6.28901672e+02 6.82686218e+02 5.69641296e+02 6.81827393e+02
    5.11147736e+02 6.80779053e+02 4.53716705e+02 6.79904602e+02
    3.97135101e+02 6.78883606e+02 1.00592157e+03 6.21906921e+02
    9.40624512e+02 6.21534241e+02 8.76169250e+02 6.21080078e+02
    8.12694702e+02 6.20516907e+02 7.50339355e+02 6.20087830e+02
    6.88954163e+02 6.19692932e+02 6.28628662e+02 6.19280212e+02
    5.69309875e+02 6.18689575e+02 5.10819763e+02 6.18299683e+02
    4.53412323e+02 6.17822815e+02 3.96755707e+02 6.17370178e+02
    1.00574335e+03 5.55224060e+02 9.40368408e+02 5.55345886e+02
    8.75837952e+02 5.55398926e+02 8.12449463e+02 5.55465698e+02
    7.50034729e+02 5.55458740e+02 6.88725037e+02 5.55572998e+02
    6.28282227e+02 5.55529541e+02 5.68912292e+02 5.55657837e+02
    5.10392273e+02 5.55645020e+02 4.52958221e+02 5.55707153e+02
    3.96407684e+02 5.55800537e+02 1.00559430e+03 4.88378357e+02
    9.40077087e+02 4.88984314e+02 8.75697388e+02 4.89689331e+02
    8.12188232e+02 4.90258881e+02 7.49765564e+02 4.90767822e+02
    6.88438416e+02 4.91428650e+02 6.27904297e+02 4.91961945e+02
    5.68521179e+02 4.92455750e+02 5.10091614e+02 4.93053925e+02
    4.52561401e+02 4.93615631e+02 3.95994873e+02 4.94201965e+02
    1.00538654e+03 4.21730225e+02 9.39802673e+02 4.22873169e+02
    8.75464783e+02 4.23876373e+02 8.11922485e+02 4.25161591e+02
    7.49572754e+02 4.26113708e+02 6.88120239e+02 4.27338348e+02
    6.27760071e+02 4.28353302e+02 5.68397095e+02 4.29440155e+02
    5.09909424e+02 4.30357758e+02 4.52443176e+02 4.31563416e+02
    3.95901520e+02 4.32563568e+02 1.00509961e+03 3.54999176e+02
    9.39623779e+02 3.56621155e+02 8.75268616e+02 3.58251282e+02
    8.11731628e+02 3.59913055e+02 7.49429260e+02 3.61503571e+02
    6.87919800e+02 3.63179199e+02 6.27658630e+02 3.64695038e+02
    5.68075806e+02 3.66216431e+02 5.09726410e+02 3.67817688e+02
    4.52140686e+02 3.69418274e+02 3.95647339e+02 3.70813965e+02
    1.00472064e+03 2.88278290e+02 9.39452332e+02 2.90470825e+02
    8.74943604e+02 2.92570282e+02 8.11578857e+02 2.94754425e+02
    7.49112732e+02 2.96820190e+02 6.87757812e+02 2.99040588e+02
    6.27473267e+02 3.01138153e+02 5.67918518e+02 3.03258423e+02
    5.09633331e+02 3.05288788e+02 4.52058807e+02 3.07259888e+02
    3.95526672e+02 3.09298645e+02 1.00448151e+03 2.21613663e+02
    9.39052612e+02 2.24280533e+02 8.74677429e+02 2.27020752e+02
    8.11303772e+02 2.29667511e+02 7.48887329e+02 2.32233673e+02
    6.87577820e+02 2.34914520e+02 6.27281982e+02 2.37606903e+02
    5.67814453e+02 2.40041931e+02 5.09448364e+02 2.42582748e+02
    4.51882874e+02 2.45167984e+02 3.95455017e+02 2.47703293e+02</data></image_points>
<grid_points>
  0. 0. 0. 20. 0. 0. 40. 0. 0. 60. 0. 0. 80. 0. 0. 100. 0. 0. 120. 0. 0.
  140. 0. 0. 160. 0. 0. 180. 0. 0. 200. 0. 0. 0. 20. 0. 20. 20. 0. 40.
  20. 0. 60. 20. 0. 80. 20. 0. 100. 20. 0. 120. 20. 0. 140. 20. 0. 160.
  20. 0. 180. 20. 0. 200. 20. 0. 0. 40. 0. 20. 40. 0. 40. 40. 0. 60. 40.
  0. 80. 40. 0. 100. 40. 0. 120. 40. 0. 140. 40. 0. 160. 40. 0. 180. 40.
  0. 200. 40. 0. 0. 60. 0. 20. 60. 0. 40. 60. 0. 60. 60. 0. 80. 60. 0.
  100. 60. 0. 120. 60. 0. 140. 60. 0. 160. 60. 0. 180. 60. 0. 200. 60.
  0. 0. 80. 0. 20. 80. 0. 40. 80. 0. 60. 80. 0. 80. 80. 0. 100. 80. 0.
  120. 80. 0. 140. 80. 0. 160. 80. 0. 180. 80. 0. 200. 80. 0. 0. 100. 0.
  20. 100. 0. 40. 100. 0. 60. 100. 0. 80. 100. 0. 100. 100. 0. 120. 100.
  0. 140. 100. 0. 160. 100. 0. 180. 100. 0. 200. 100. 0. 0. 120. 0. 20.
  120. 0. 40. 120. 0. 60. 120. 0. 80. 120. 0. 100. 120. 0. 120. 120. 0.
  140. 120. 0. 160. 120. 0. 180. 120. 0. 200. 120. 0. 0. 140. 0. 20.
  140. 0. 40. 140. 0. 60. 140. 0. 80. 140. 0. 100. 140. 0. 120. 140. 0.
  140. 140. 0. 160. 140. 0. 180. 140. 0. 200. 140. 0.</grid_points>
</opencv_storage>
